1 0.52859375 0.595625 0.5040625000000001 0.42406249999999995
3 0.68125 0.45859375 0.203125 0.0953125
3 0.4421875 0.39375 0.0640625 0.034375
3 0.559375 0.4078125 0.0546875 0.0359375
2 0.484375 0.96328125 0.1453125 0.071875
2 0.59375 0.9734375 0.1125 0.0515625
2 0.73515625 0.7546875 0.0859375 0.0828125
3 0.67578125 0.5390625 0.0875 0.0390625
3 0.34453125 0.40390625 0.0484375 0.0515625
0 0.0015625 0.3578125 0 0.7609375 0.05 0.7796875 0.103125 0.7875 0.1296875 0.7703125 0.16875 0.7203125 0.1828125 0.7109375 0.1890625 0.6828125 0.2078125 0.68125 0.209375 0.6890625 0.215625 0.684375 0.215625 0.6703125 0.1953125 0.66875 0.1859375 0.653125 0.19375 0.4125 0.2046875 0.39375 0.2078125 0.3625 0.1953125 0.3515625 0.071875 0.325 0.05 0.328125
2 0.509375 0.884375 0.5125 0.915625 0.584375 0.934375 0.60625 0.9328125 0.6296875 0.9453125 0.6703125 0.9515625 0.69375 0.9625 0.703125 0.9984375 0.7671875 0.9984375 0.7671875 0.95625 0.6046875 0.8875 0.6 0.8796875 0.6078125 0.8375 0.6171875 0.8296875 0.61875 0.803125 0.5375 0.8453125 0.525 0.8546875
2 0.60625 0.865625 0.6078125 0.8890625 0.6671875 0.9109375 0.7453125 0.95 0.7671875 0.95 0.7734375 0.8859375 0.7734375 0.79375 0.7671875 0.7859375 0.771875 0.7828125 0.7609375 0.7859375 0.703125 0.7546875 0.6859375 0.75625 0.6453125 0.7421875
2 0.390625 0.9796875 0.3828125 0.9984375 0.5484375 0.9984375 0.5546875 0.99375 0.5609375 0.9515625 0.5125 0.928125 0.490625 0.8359375 0.478125 0.834375 0.4640625 0.8484375
3 0.2828125 0.4609375 0.2796875 0.475 0.290625 0.5 0.3734375 0.525 0.425 0.53125 0.4859375 0.528125 0.496875 0.521875 0.503125 0.496875 0.4875 0.471875 0.49375 0.4453125 0.475 0.428125 0.440625 0.43125 0.4171875 0.4234375 0.3515625 0.4171875 0.31875 0.43125
3 0.5828125 0.4171875 0.5765625 0.4328125 0.60625 0.4265625 0.6234375 0.4296875 0.6359375 0.4453125 0.634375 0.4734375 0.6859375 0.49375 0.7375 0.4859375 0.7546875 0.5015625 0.784375 0.4578125 0.784375 0.4390625 0.7546875 0.4359375 0.7234375 0.4234375 0.6125 0.409375