1 0.61640625 0.4 0.5078125 0.4359375
3 0.528125 0.303125 0.0890625 0.05625
3 0.3171875 0.490625 0.1359375 0.0984375
3 0.6375 0.3390625 0.0828125 0.0546875
3 0.57734375 0.3 0.4453125 0.146875
3 0.37265625 0.5171875 0.0296875 0.05
3 0.775 0.32734375 0.0953125 0.06875
3 0.34375 0.45703125 0.0390625 0.025
3 0.36796875 0.4625 0.021875 0.025
3 0.36875 0.48125 0.0296875 0.0203125
3 0.45390625 0.30625 0.0453125 0.03125
3 0.46953125 0.34765625 0.034375 0.0234375
3 0.659375 0.20625 0.0734375 0.0625
2 0.084375 0.3 0.08125 0.3125 0.109375 0.4671875 0.121875 0.4796875 0.134375 0.534375 0.2296875 0.5515625 0.2671875 0.4984375 0.18125 0.3 0.175 0.29375