0 0.3015625 0.678125 0.29921875 0.6890625 0.303125 0.7125 0.315625 0.72734375 0.3265625 0.74765625 0.32265625 0.7578125 0.3234375 0.765625 0.3296875 0.76484375 0.34921875 0.77734375 0.35234375 0.7859375 0.36640625 0.7953125 0.3671875 0.8 0.37578125 0.80625 0.3890625 0.83046875 0.40703125 0.83984375 0.40625 0.8703125 0.40078125 0.8796875 0.4046875 0.88359375 0.4140625 0.88359375 0.41953125 0.87890625 0.43984375 0.89375 0.4390625 0.896875 0.45625 0.91875 0.4765625 0.92890625 0.48203125 0.92578125 0.4859375 0.9140625 0.49453125 0.90703125 0.5015625 0.91484375 0.51171875 0.91484375 0.51484375 0.9046875 0.525 0.89453125 0.54140625 0.8640625 0.5453125 0.8484375 0.54375 0.83046875 0.546875 0.79296875 0.54375 0.7640625 0.54609375 0.76015625 0.54609375 0.69375 0.5625 0.63671875 0.5640625 0.603125 0.48125 0.55390625 0.46171875 0.55390625 0.41171875 0.57421875 0.35625 0.60859375 0.32578125 0.63828125 0.3171875 0.6515625 0.3140625 0.66796875
0 0.57890625 0.8 0.57109375 0.82109375 0.5265625 0.89453125 0.51015625 0.91640625 0.50234375 0.91796875 0.50546875 0.921875 0.50234375 0.93359375 0.50546875 0.95625 0.5203125 0.9859375 0.5296875 0.9953125 0.53515625 0.99921875 0.796875 0.99921875 0.834375 0.9046875 0.84609375 0.8625 0.84609375 0.79296875 0.83828125 0.771875 0.83828125 0.7640625 0.8453125 0.753125 0.8453125 0.74609375 0.84140625 0.740625 0.821875 0.7328125 0.71328125 0.665625 0.70390625 0.66328125 0.6859375 0.67890625 0.6671875 0.68515625 0.64921875 0.7015625
0 0.59140625 0.29921875 0.59140625 0.30703125 0.59609375 0.3140625 0.59609375 0.3296875 0.5828125 0.33671875 0.58203125 0.34921875 0.59296875 0.35859375 0.59375 0.36640625 0.6 0.54921875 0.60234375 0.55546875 0.6109375 0.5625 0.63359375 0.57421875 0.64609375 0.575 0.65859375 0.56484375 0.6640625 0.54375 0.66796875 0.4078125 0.665625 0.3828125 0.65703125 0.37265625 0.65703125 0.3671875 0.65859375 0.3546875 0.6640625 0.35234375 0.66796875 0.3140625 0.66328125 0.303125 0.6515625 0.2984375 0.61796875 0.29296875 0.596875 0.2953125
0 0.66875 0.325 0.671875 0.3375 0.66953125 0.3484375 0.66015625 0.3546875 0.6578125 0.36796875 0.66640625 0.37734375 0.66875 0.3890625 0.6703125 0.58046875 0.675 0.58828125 0.70390625 0.60390625 0.71953125 0.60703125 0.72890625 0.60078125 0.7359375 0.5890625 0.74765625 0.55546875 0.7515625 0.496875 0.7515625 0.41796875 0.74296875 0.39453125 0.74296875 0.3859375 0.7625 0.35546875 0.76171875 0.3390625 0.75625 0.3328125 0.7390625 0.32421875 0.7109375 0.315625 0.68515625 0.3140625 0.675 0.3171875
0 0.74453125 0.38671875 0.74375 0.39609375 0.75078125 0.4078125 0.753125 0.4265625 0.7515625 0.6296875 0.771875 0.6453125 0.790625 0.65546875 0.8015625 0.65703125 0.8125 0.64453125 0.81953125 0.6296875 0.8296875 0.58828125 0.83046875 0.55546875 0.8359375 0.528125 0.85 0.37109375 0.84453125 0.36328125 0.815625 0.35234375 0.79765625 0.3484375 0.7828125 0.34921875 0.76484375 0.35703125
0 0.85 0.4390625 0.85 0.44921875 0.85625 0.4578125 0.8578125 0.49375 0.84609375 0.690625 0.85078125 0.70234375 0.87265625 0.7140625 0.896875 0.7203125 0.90703125 0.709375 0.921875 0.66171875 0.94375 0.4515625 0.94453125 0.4125 0.9375 0.40390625 0.92578125 0.3984375 0.903125 0.38984375 0.8765625 0.38515625 0.86328125 0.3984375
0 0.95 0.4734375 0.953125 0.51015625 0.9328125 0.7375 0.93515625 0.7421875 0.95234375 0.753125 0.98046875 0.7640625 0.98671875 0.75546875 0.99921875 0.71015625 0.99921875 0.425 0.97421875 0.41640625 0.9625 0.41875 0.959375 0.42265625
4 0.0296875 0.3359375 0.02890625 0.34140625 0.04296875 0.378125 0.05703125 0.409375 0.0640625 0.4171875 0.07734375 0.41484375 0.11484375 0.4 0.11484375 0.31953125 0.11953125 0.3171875 0.121875 0.303125 0.12890625 0.29375 0.13515625 0.29140625 0.14765625 0.29609375 0.159375 0.31484375 0.18203125 0.38515625 0.21328125 0.37109375 0.221875 0.38359375 0.23828125 0.38515625 0.24921875 0.3734375 0.259375 0.34453125 0.26640625 0.3390625 0.27265625 0.31484375 0.271875 0.28515625 0.2625 0.240625 0.25546875 0.2328125 0.2296875 0.23203125 0.1890625 0.221875 0.15234375 0.2234375 0.128125 0.23125 0.10625 0.24296875 0.07734375 0.26875 0.0609375 0.2984375
4 0.0046875 0.1671875 0 0.1703125 0 0.2765625 0.01875 0.31875 0.0296875 0.3328125 0.04453125 0.3171875 0.0578125 0.2890625 0.0640625 0.2890625 0.0671875 0.2859375 0.071875 0.275 0.084375 0.26484375 0.08515625 0.259375 0.103125 0.24296875 0.12265625 0.23359375 0.13046875 0.2265625 0.1265625 0.1609375 0.11796875 0.1296875 0.1125 0.12578125 0.10390625 0.12578125 0.05703125 0.1421875
0 0.85078125 0.3375 0.85078125 0.36484375 0.85390625 0.37890625 0.85 0.41484375 0.85390625 0.41953125 0.86484375 0.39453125 0.87109375 0.3875 0.87734375 0.384375 0.9015625 0.38671875 0.9046875 0.35078125 0.909375 0.3390625 0.90703125 0.31328125 0.88671875 0.29765625 0.8609375 0.29453125 0.85703125 0.29765625 0.853125 0.31015625
0 0.9109375 0.3171875 0.9125 0.38984375 0.9359375 0.4015625 0.94765625 0.415625 0.95234375 0.415625 0.95703125 0.4109375 0.9625 0.38359375 0.96328125 0.35390625 0.96015625 0.3296875 0.95703125 0.32421875 0.9375 0.31171875 0.91796875 0.31015625