2 0.16796875 0.46484375 0.1765625 0.19375
3 0.434375 0.41171875 0.1546875 0.1953125
3 0.59609375 0.3875 0.090625 0.1625
3 0.6359375 0.5390625 0.153125 0.1578125
3 0.684375 0.37109375 0.0828125 0.0796875
3 0.48359375 0.65234375 0.1578125 0.184375
3 0.521875 0.446875 0.059375 0.0828125
3 0.528125 0.3515625 0.065625 0.1078125
3 0.24609375 0.39140625 0.0953125 0.0625
3 0.92734375 0.58984375 0.1390625 0.1171875
3 0.53125 0.5078125 0.1265625 0.0734375
3 0.74296875 0.39921875 0.09375 0.0375
0 0.4703125 0.1578125 0.46875 0.35625 0.490625 0.365625 0.503125 0.3609375 0.5234375 0.3203125 0.55 0.290625 0.5578125 0.1609375 0.5140625 0.153125
3 0.175 0.675 0.15 0.7171875 0.1 0.76875 0.1734375 0.803125 0.1984375 0.8046875 0.2171875 0.784375 0.225 0.74375 0.2546875 0.721875 0.2609375 0.703125 0.25625 0.69375 0.2078125 0.6734375 0.2 0.6640625
3 0.2859375 0.6734375 0.2859375 0.7265625 0.3375 0.73125 0.39375 0.725 0.3953125 0.6609375 0.3671875 0.628125 0.31875 0.61875
3 0.7609375 0.6046875 0.7625 0.64375 0.790625 0.690625 0.8625 0.6828125 0.8734375 0.675 0.8828125 0.65 0.8640625 0.615625 0.8296875 0.621875 0.7875 0.6046875