1 0.6828125 0.4265625 0.1921875 0.365625
1 0.47578125 0.38671875 0.196875 0.4625
3 0.32578125 0.39296875 0.115625 0.1640625
2 0.703125 0.32265625 0.103125 0.0828125
2 0.17734375 0.4859375 0.2015625 0.20625
3 0.62109375 0.3171875 0.071875 0.09375
3 0.53046875 0.91328125 0.19375 0.1140625
3 0.20234375 0.30625 0.2078125 0.178125
3 0.6 0.1875 0.1671875 0.2125
3 0.74140625 0.76171875 0.265625 0.390625
2 0.45625 0.23359375 0.121875 0.2296875
3 0.4578125 0.72421875 0.209375 0.3359375
2 0.3359375 0.49921875 0.0515625 0.0703125
3 0.54140625 0.34296875 0.0734375 0.0234375
3 0.53828125 0.2703125 0.0546875 0.1
3 0.6921875 0.259375 0.059375 0.053125
3 0.2328125 0.78203125 0.309375 0.3578125
3 0.34140625 0.92890625 0.14375 0.1234375