1 0.4890625 0.6203125 0.728125 0.7484375
3 0.26796875 0.41875 0.06875 0.09375
3 0.66953125 0.290625 0.125 0.13125
2 0.4 0.1546875 0.309375 0.309375
3 0.23359375 0.36640625 0.0375 0.084375
3 0.4828125 0.42109375 0.090625 0.225
3 0.21328125 0.48984375 0.1625 0.1109375
3 0.75625 0.41640625 0.05 0.184375
3 0.34140625 0.465625 0.09375 0.178125
3 0.38515625 0.21484375 0.10625 0.084375
3 0.72109375 0.49765625 0.0671875 0.0734375
3 0.27890625 0.3375 0.0609375 0.06875
3 0.409375 0.36640625 0.0640625 0.0953125
3 0.5546875 0.46875 0.0765625 0.1203125
3 0.58671875 0.3875 0.01875 0.03125