1 0.828125 0.5671875 0.240625 0.5015625
2 0.87890625 0.36328125 0.1296875 0.11875
2 0.76796875 0.34453125 0.0546875 0.096875
2 0.78203125 0.41015625 0.0796875 0.115625
2 0.8890625 0.425 0.1203125 0.0859375
2 0.8546875 0.475 0.13125 0.121875
2 0.50859375 0.5078125 0.1328125 0.0953125
2 0.49140625 0.60703125 0.0875 0.0984375
2 0.5734375 0.62890625 0.090625 0.084375
2 0.63828125 0.48515625 0.0890625 0.075
2 0.61640625 0.4375 0.0734375 0.0734375
2 0.6328125 0.5640625 0.1359375 0.1015625
2 0.65625 0.653125 0.1171875 0.128125
2 0.728125 0.45625 0.0828125 0.1109375
2 0.7328125 0.37890625 0.06875 0.0921875
2 0.50234375 0.39921875 0.09375 0.078125
1 0.971875 0.6109375 0.05625 0.3484375
1 0.46328125 0.41171875 0.0625 0.1328125
1 0.53203125 0.41953125 0.078125 0.0890625