1 0.17992424242424243 0.464 0.17897727272727273 0.5152 0.1884469696969697 0.5424 0.1884469696969697 0.5744 0.20928030303030304 0.592 0.21496212121212122 0.6048 0.21496212121212122 0.6496 0.19791666666666666 0.6736 0.20928030303030304 0.6896 0.21212121212121213 0.7104 0.20928030303030304 0.8016 0.2471590909090909 0.8176 0.2537878787878788 0.832 0.2604166666666667 0.8656 0.2623106060606061 0.9984 0.7301136363636364 0.9984 0.7357954545454546 0.888 0.7424242424242424 0.8624 0.7490530303030303 0.8448 0.7585227272727273 0.8368 0.7964015151515151 0.8272 0.8039772727272727 0.7504 0.8181818181818182 0.7392 0.8181818181818182 0.7152 0.8125 0.6896 0.7869318181818182 0.6592 0.7575757575757576 0.6128 0.7708333333333334 0.5824 0.7727272727272727 0.5456 0.7566287878787878 0.4608 0.7556818181818182 0.3872 0.7481060606060606 0.3408 0.7367424242424242 0.3264 0.7339015151515151 0.2736 0.7168560606060606 0.2448 0.6998106060606061 0.2416 0.6524621212121212 0.2128 0.646780303030303 0.1968 0.6505681818181818 0.1888 0.6496212121212122 0.16 0.6458333333333334 0.1424 0.6401515151515151 0.1376 0.5928030303030303 0.1312 0.5748106060606061 0.112 0.4441287878787879 0.0768 0.4308712121212121 0.0784 0.4270833333333333 0.0912 0.42329545454545453 0.1792 0.40625 0.1888 0.3835227272727273 0.1824 0.3626893939393939 0.1888 0.35890151515151514 0.1808 0.32859848484848486 0.1648 0.3106060606060606 0.168 0.3039772727272727 0.1904 0.3039772727272727 0.2485328 0.22443181818181818 0.3952 0.20928030303030304 0.4032 0.19602272727272727 0.4192
3 0.3854166666666667 0.3056 0.3854166666666667 0.5024 0.39299242424242425 0.5152 0.4346590909090909 0.5152 0.4412878787878788 0.5056 0.4422348484848485 0.4864 0.4403409090909091 0.2784 0.39015151515151514 0.2752
3 0.4431818181818182 0.3024 0.4422348484848485 0.4256 0.4479166666666667 0.4992 0.45265151515151514 0.5104 0.4602272727272727 0.5136 0.5104166666666666 0.512 0.5151515151515151 0.4992 0.5189393939393939 0.4592 0.521780303030303 0.352 0.5255681818181818 0.336 0.5189393939393939 0.2992 0.4678030303030303 0.296
3 0.5691287878787878 0.3168 0.5691287878787878 0.4464 0.5748106060606061 0.512 0.5814393939393939 0.5184 0.6420454545454546 0.52 0.646780303030303 0.4336 0.6448863636363636 0.424 0.6316287878787878 0.4208 0.6268939393939394 0.3952 0.6477272727272727 0.3344 0.6486742424242424 0.3152 0.6363636363636364 0.3056 0.5852272727272727 0.296
3 0.5757575757575758 0.16 0.5729166666666666 0.1888 0.5757575757575758 0.2016 0.5767045454545454 0.296 0.6316287878787878 0.3008 0.6448863636363636 0.1904 0.6505681818181818 0.1744 0.6458333333333334 0.1424 0.6316287878787878 0.1344 0.5861742424242424 0.1296
3 0.3475378787878788 0.2304 0.3456439393939394 0.2448 0.3484848484848485 0.2544 0.3740530303030303 0.272 0.3797348484848485 0.2896 0.39299242424242425 0.272 0.42992424242424243 0.272 0.4403409090909091 0.2768 0.44507575757575757 0.2976 0.4678030303030303 0.296 0.4668560606060606 0.2848 0.4734848484848485 0.2672 0.4876893939393939 0.2512 0.48579545454545453 0.2256 0.47821969696969696 0.2016 0.45265151515151514 0.1904 0.3721590909090909 0.1856 0.3522727272727273 0.2112
3 0.6325757575757576 0.3792 0.6297348484848485 0.3888 0.6316287878787878 0.408 0.6420454545454546 0.4064 0.6505681818181818 0.4128 0.6581439393939394 0.5216 0.7433712121212122 0.5216 0.7452651515151515 0.4608 0.7518939393939394 0.4272 0.7490530303030303 0.4 0.7414772727272727 0.376 0.7206439393939394 0.3408 0.6941287878787878 0.3328 0.6676136363636364 0.3376 0.6647727272727273 0.3312 0.6543560606060606 0.3312
3 0.3352272727272727 0.5984 0.3352272727272727 0.6128 0.3503787878787879 0.6528 0.3503787878787879 0.6784 0.3626893939393939 0.6992 0.41950757575757575 0.696 0.4251893939393939 0.592 0.3409090909090909 0.5904
3 0.4375 0.6496 0.4393939393939394 0.6752 0.46117424242424243 0.7024 0.5151515151515151 0.6944 0.521780303030303 0.6848 0.5151515151515151 0.6224 0.5085227272727273 0.608 0.48484848484848486 0.5952 0.4659090909090909 0.5952 0.45549242424242425 0.6032 0.44696969696969696 0.6176
3 0.3039772727272727 0.1872 0.3058712121212121 0.2368 0.3020833333333333 0.304 0.32575757575757575 0.3088 0.3314393939393939 0.3024 0.36174242424242425 0.1872 0.3522727272727273 0.176 0.32954545454545453 0.1648 0.3096590909090909 0.168
3 0.5691287878787878 0.112 0.5615530303030303 0.1296 0.5549242424242424 0.192 0.5454545454545454 0.2016 0.5321969696969697 0.208 0.5113636363636364 0.1824 0.5018939393939394 0.1792 0.4981060606060606 0.168 0.47632575757575757 0.168 0.48200757575757575 0.192 0.4933712121212121 0.2064 0.5236742424242424 0.3808 0.521780303030303 0.456 0.5464015151515151 0.5024 0.5568181818181818 0.4912 0.5672348484848485 0.4208 0.5634469696969697 0.2304 0.5681818181818182 0.1888 0.584280303030303 0.1312 0.5823863636363636 0.1184