1 0.41328125 0.47578125 0.259375 0.3828125
3 0.653125 0.3921875 0.0828125 0.1015625
3 0.24296875 0.60703125 0.1390625 0.190625
3 0.403125 0.7109375 0.1609375 0.2375
3 0.47890625 0.759375 0.096875 0.14375
3 0.70625 0.62890625 0.140625 0.1234375
3 0.396875 0.3203125 0.0828125 0.06875
3 0.5859375 0.44140625 0.0859375 0.1046875
3 0.7921875 0.29453125 0.0609375 0.096875
3 0.48828125 0.409375 0.0609375 0.065625
3 0.87578125 0.396875 0.0984375 0.1203125
3 0.62421875 0.81015625 0.153125 0.165625
3 0.6484375 0.7046875 0.075 0.0984375
3 0.91328125 0.76640625 0.0734375 0.1421875
3 0.421875 0.41328125 0.078125 0.103125
2 0.56640625 0.65703125 0.096875 0.1140625
2 0.35546875 0.4296875 0.121875 0.146875
2 0.55546875 0.34296875 0.1640625 0.103125
2 0.86015625 0.640625 0.1828125 0.146875
2 0.8109375 0.8140625 0.128125 0.1640625
2 0.74296875 0.37109375 0.0765625 0.1046875
3 0.5921875 0.571875 0.10625 0.1109375
1 0.74453125 0.43359375 0.2765625 0.2828125