3 0.18671875 0.70625 0.084375 0.046875
1 0.4640625 0.45078125 0.5671875 0.459375
3 0.2171875 0.76875 0.084375 0.046875
3 0.2953125 0.78203125 0.0953125 0.040625
3 0.259375 0.640625 0.0484375 0.0328125
3 0.35859375 0.62890625 0.1875 0.103125
3 0.3796875 0.68984375 0.0734375 0.040625
3 0.55390625 0.7015625 0.059375 0.0359375
3 0.69609375 0.7921875 0.0546875 0.046875
3 0.48828125 0.68125 0.0609375 0.04375
3 0.27421875 0.69765625 0.078125 0.04375
3 0.409375 0.76875 0.0734375 0.078125
3 0.259375 0.3234375 0.084375 0.065625
3 0.72890625 0.74453125 0.109375 0.0828125
3 0.490625 0.36640625 0.2109375 0.1125
3 0.84375 0.83828125 0.0484375 0.040625
3 0.60234375 0.7015625 0.059375 0.0234375
3 0.42734375 0.3515625 0.0484375 0.0359375
3 0.825 0.77890625 0.1203125 0.0734375
3 0.15078125 0.74765625 0.0734375 0.04375
3 0.32265625 0.709375 0.0546875 0.0328125
3 0.34609375 0.19140625 0.115625 0.0921875
3 0.496875 0.20625 0.1875 0.096875
3 0.35859375 0.7296875 0.0546875 0.0203125
3 0.48828125 0.8515625 0.0484375 0.0265625
3 0.2984375 0.31328125 0.0421875 0.0265625
3 0.69296875 0.2328125 0.15625 0.05
3 0.5328125 0.39296875 0.03125 0.0203125
3 0.2890625 0.7296875 0.0734375 0.0265625