3 0.16484375 0.4875 0.121875 0.08125
3 0.17109375 0.54375 0.090625 0.0421875
3 0.31328125 0.49140625 0.14375 0.04375
3 0.42734375 0.46796875 0.1625 0.0328125
3 0.53671875 0.4328125 0.125 0.040625
3 0.78359375 0.375 0.0734375 0.0390625
3 0.94375 0.30078125 0.0578125 0.040625
3 0.84765625 0.36796875 0.078125 0.059375
3 0.9796875 0.3171875 0.040625 0.059375
3 0.96796875 0.42109375 0.0640625 0.0609375
3 0.834375 0.43125 0.075 0.071875
3 0.83984375 0.5640625 0.1046875 0.1515625
3 0.62265625 0.56015625 0.1953125 0.103125
3 0.55546875 0.5984375 0.215625 0.1203125
3 0.3875 0.59765625 0.2125 0.1296875
3 0.4734375 0.615625 0.1265625 0.121875
3 0.3203125 0.68828125 0.0484375 0.090625
3 0.4515625 0.72109375 0.2109375 0.121875
3 0.2484375 0.74921875 0.125 0.065625
3 0.2328125 0.79375 0.2578125 0.125
3 0.18828125 0.834375 0.153125 0.11875
3 0.0640625 0.86875 0.1078125 0.1765625
3 0.15234375 0.9375 0.103125 0.0796875
3 0.834375 0.553125 0.8328125 0.5734375 0.840625 0.5921875 0.8515625 0.6 0.865625 0.596875 0.878125 0.575 0.878125 0.5421875 0.871875 0.5265625 0.8625 0.51875 0.8515625 0.5203125 0.8390625 0.534375
3 0.4796875 0.6921875 0.4890625 0.74375 0.509375 0.7703125 0.5265625 0.7703125 0.5375 0.7609375 0.540625 0.74375 0.534375 0.7078125 0.503125 0.6765625 0.49375 0.6765625
3 0.528125 0.53125 0.528125 0.56875 0.5875 0.546875 0.609375 0.5484375 0.621875 0.5609375 0.63125 0.559375 0.640625 0.5765625 0.625 0.6015625 0.634375 0.6078125 0.665625 0.609375 0.7015625 0.58125 0.7015625 0.5625 0.6703125 0.53125 0.559375 0.51875 0.5359375 0.51875
3 0.2921875 0.603125 0.2921875 0.6359375 0.30625 0.6546875 0.3203125 0.640625 0.3484375 0.64375 0.384375 0.615625 0.4078125 0.615625 0.4171875 0.5953125 0.46875 0.575 0.471875 0.5625 0.4640625 0.5484375 0.421875 0.54375
3 0.096875 0.7703125 0.09375 0.79375 0.0984375 0.8109375 0.2578125 0.821875 0.2640625 0.846875 0.2703125 0.85 0.2921875 0.85 0.3234375 0.8328125 0.33125 0.8203125 0.33125 0.80625 0.3046875 0.784375 0.296875 0.7703125 0.2671875 0.7546875 0.2421875 0.75625 0.1953125 0.74375 0.11875 0.740625 0.103125 0.7546875
3 0.1125 0.496875 0.1046875 0.5140625 0.125 0.5109375 0.1609375 0.5203125 0.2140625 0.50625 0.23125 0.4671875 0.2265625 0.459375 0.2140625 0.459375 0.13125 0.4828125
3 0.80625 0.4140625 0.8046875 0.4421875 0.8125 0.4515625 0.8625 0.45 0.8796875 0.434375 0.8796875 0.4234375 0.859375 0.4125 0.8140625 0.4078125