1 0.25 0.3421875 0.1234375 0.365625
3 0.0890625 0.7125 0.121875 0.196875
2 0.38828125 0.659375 0.1640625 0.3359375
2 0.13046875 0.5890625 0.0515625 0.14375
3 0.2734375 0.64921875 0.0625 0.15625
3 0.83515625 0.44296875 0.2 0.153125
2 0.15390625 0.421875 0.0890625 0.1421875
3 0.20390625 0.68515625 0.1015625 0.1515625
2 0.22578125 0.54921875 0.1015625 0.1578125
3 0.65546875 0.5796875 0.165625 0.2984375
3 0.91484375 0.3890625 0.046875 0.059375
3 0.20546875 0.2875 0.0140625 0.0390625
3 0.22109375 0.275 0.028125 0.08125