3 0.49453125 0.7953125 0.278125 0.3609375
3 0.24609375 0.75546875 0.2796875 0.4640625
3 0.05078125 0.740625 0.0984375 0.1734375
3 0.1328125 0.49453125 0.265625 0.1859375
3 0.16640625 0.353125 0.2515625 0.1078125
3 0.125 0.134375 0.23125 0.25625
3 0.43671875 0.44375 0.2328125 0.29375
3 0.5875 0.14765625 0.209375 0.278125
3 0.85625 0.2 0.2875 0.4
3 0.85625 0.53515625 0.2640625 0.228125
3 0.8140625 0.73203125 0.246875 0.2796875
3 0.62421875 0.49375 0.1125 0.1640625
3 0.3703125 0.13515625 0.2265625 0.2703125
3 0.67265625 0.70234375 0.2265625 0.2453125
3 0.66328125 0.19375 0.26875 0.3875