1 0.25072463768115943 0.24581005586592178 0.25072463768115943 0.26256983240223464 0.26231884057971017 0.2837988826815642 0.3 0.31731843575418994 0.2811594202898551 0.3407821229050279 0.2782608695652174 0.37988826815642457 0.28695652173913044 0.3854748603351955 0.30869565217391304 0.3877094972067039 0.32463768115942027 0.40893854748603353 0.32753623188405795 0.7072625698324022 0.32318840579710145 0.7441340782122905 0.30289855072463767 0.7553072625698324 0.3 0.7687150837988826 0.26231884057971017 0.7608938547486034 0.2608695652173913 0.7508379888268156 0.24057971014492754 0.758659217877095 0.23768115942028986 0.7687150837988826 0.2594202898550725 0.7899441340782123 0.3 0.7910614525139665 0.3188405797101449 0.8011173184357542 0.3159420289855073 0.8212290502793296 0.3289855072463768 0.8357541899441341 0.32753623188405795 0.8692737430167597 0.33768115942028987 0.9463687150837988 0.35797101449275365 0.964245810055866 0.3884057971014493 0.9675977653631285 0.5231884057971015 0.9720670391061452 0.6550724637681159 0.9687150837988827 0.6782608695652174 0.9631284916201117 0.6884057971014492 0.9541899441340782 0.6985507246376812 0.9318435754189944 0.7028985507246377 0.8603351955307262 0.7144927536231884 0.7921787709497207 0.7420289855072464 0.7921787709497207 0.7507246376811594 0.7899441340782123 0.7536231884057971 0.7832402234636872 0.744927536231884 0.7675977653631285 0.7275362318840579 0.7653631284916201 0.7202898550724638 0.7340782122905027 0.755072463768116 0.41787709497206704 0.7652173913043478 0.4033519553072626 0.7869565217391304 0.4011173184357542 0.8072463768115942 0.39329608938547483 0.8144927536231884 0.3575418994413408 0.827536231884058 0.3474860335195531 0.7681159420289855 0.22905027932960895 0.7681159420289855 0.2022346368715084 0.7579710144927536 0.18994413407821228 0.755072463768116 0.16312849162011173 0.7376811594202899 0.15083798882681565 0.6898550724637681 0.1418994413407821 0.6739130434782609 0.1340782122905028 0.6753623188405797 0.11620111731843576 0.6623188405797101 0.10614525139664804 0.618840579710145 0.10502793296089385 0.6115942028985507 0.09720670391061452 0.4956521739130435 0.09944134078212291 0.4956521739130435 0.09385474860335195 0.48695652173913045 0.08826815642458101 0.48695652173913045 0.09385474860335195 0.47681159420289854 0.09720670391061452 0.4797101449275362 0.10279329608938548 0.47246376811594204 0.12067039106145251 0.45652173913043476 0.12960893854748604 0.4405797101449275 0.12513966480446928 0.43768115942028984 0.11731843575418995 0.41594202898550725 0.12625698324022347 0.391304347826087 0.11955307262569832 0.3695652173913043 0.12067039106145251 0.36086956521739133 0.1329608938547486 0.36231884057971014 0.16983240223463686 0.35507246376811596 0.1776536312849162 0.3347826086956522 0.18100558659217877 0.3159420289855073 0.20558659217877095 0.2710144927536232 0.21899441340782122
3 0.09130434782608696 0.9385474860335196 0.09130434782608696 0.9497206703910615 0.10434782608695652 0.9497206703910615 0.14057971014492754 0.964245810055866 0.17681159420289855 0.9452513966480447 0.18695652173913044 0.9374301675977653 0.18840579710144928 0.9273743016759777 0.1826086956521739 0.9128491620111732 0.17391304347826086 0.906145251396648 0.15072463768115943 0.9016759776536313
3 0.002898550724637681 0.8916201117318435 0 0.9452513966480447 0.017391304347826087 0.9474860335195531 0.04492753623188406 0.9396648044692737 0.06811594202898551 0.9474860335195531 0.07681159420289856 0.9351955307262569 0.0782608695652174 0.9072625698324023
3 0.0536231884057971 0.9754189944134078 0.04927536231884058 0.9988826815642458 0.1246376811594203 0.9988826815642458 0.13333333333333333 0.9675977653631285 0.12028985507246377 0.9553072625698324 0.10144927536231885 0.9519553072625698 0.06956521739130435 0.9631284916201117
3 0.4391304347826087 0.16983240223463686 0.43768115942028984 0.2581005586592179 0.4492753623188406 0.2636871508379888 0.4826086956521739 0.26256983240223464 0.48840579710144927 0.2581005586592179 0.4855072463768116 0.1664804469273743 0.45217391304347826 0.16424581005586592
3 0.48840579710144927 0.17430167597765364 0.49420289855072463 0.25921787709497207 0.5507246376811594 0.26256983240223464 0.5565217391304348 0.2536312849162011 0.5623188405797102 0.18100558659217877 0.5478260869565217 0.17206703910614526
3 0.6101449275362318 0.1217877094972067 0.6115942028985507 0.17094972067039105 0.6594202898550725 0.17430167597765364 0.6768115942028986 0.12402234636871508 0.6710144927536232 0.10837988826815642 0.618840579710145 0.10391061452513967
3 0.017391304347826087 0.43687150837988825 0 0.4402234636871508 0.0014492753623188406 0.5698324022346368 0.21884057971014492 0.5675977653631284 0.21304347826086956 0.4424581005586592 0.1956521739130435 0.43798882681564244
3 0.6043478260869565 0.18324022346368715 0.6028985507246377 0.2201117318435754 0.6101449275362318 0.2636871508379888 0.6666666666666666 0.264804469273743 0.6710144927536232 0.26033519553072626 0.6710144927536232 0.2346368715083799 0.6565217391304348 0.21340782122905028 0.6753623188405797 0.1877094972067039 0.6739130434782609 0.18212290502793296 0.6608695652173913 0.17541899441340783 0.6173913043478261 0.17318435754189945
3 0.6811594202898551 0.2245810055865922 0.6855072463768116 0.264804469273743 0.7608695652173914 0.2636871508379888 0.7652173913043478 0.22346368715083798 0.6942028985507246 0.2212290502793296
3 0.39710144927536234 0.29608938547486036 0.3927536231884058 0.3027932960893855 0.41739130434782606 0.33854748603351953 0.4681159420289855 0.33743016759776534 0.47246376811594204 0.29497206703910617
3 0.36231884057971014 0.12849162011173185 0.36086956521739133 0.17430167597765364 0.3898550724637681 0.17653631284916202 0.41594202898550725 0.12625698324022347 0.39420289855072466 0.11955307262569832 0.3710144927536232 0.11843575418994413
3 0.4043478260869565 0.1430167597765363 0.4028985507246377 0.15418994413407822 0.43478260869565216 0.1664804469273743 0.4449275362318841 0.16201117318435754 0.4753623188405797 0.16089385474860335 0.4971014492753623 0.17094972067039105 0.508695652173913 0.16983240223463686 0.527536231884058 0.15418994413407822 0.5246376811594203 0.1430167597765363 0.508695652173913 0.12960893854748604 0.4246376811594203 0.12737430167597766