1 0.33125 0.36796875 0.34375 0.659375
2 0.340625 0.8421875 0.265625 0.3125
3 0.33828125 0.20546875 0.06875 0.0828125
3 0.6453125 0.77109375 0.121875 0.4078125
3 0.6703125 0.66640625 0.046875 0.0578125
3 0.47109375 0.68828125 0.040625 0.075
3 0.34375 0.7234375 0.0609375 0.146875
3 0.40859375 0.66640625 0.09375 0.1484375
2 0.51640625 0.8953125 0.1640625 0.20625
3 0.5453125 0.73671875 0.0953125 0.2078125
3 0.3921875 0.2875 0.046875 0.046875
3 0.40234375 0.23984375 0.021875 0.046875
4 0.73125 0.3 0.7328125 0.36875 0.7453125 0.3828125 0.8125 0.4015625 0.828125 0.4 0.8390625 0.3890625 0.8703125 0.39375 0.896875 0.3875 0.9 0.321875 0.94375 0.2296875 0.9578125 0.1765625 0.9703125 0.1671875 0.834375 0.1734375 0.790625 0.1859375 0.746875 0.24375
4 0.0234375 0.2515625 0.025 0.34375 0.0390625 0.3734375 0.0625 0.375 0.084375 0.3625 0.1234375 0.3625 0.165625 0.3828125 0.1765625 0.371875 0.178125 0.346875 0.1625 0.321875 0.1578125 0.29375 0.1703125 0.2546875 0.1640625 0.2234375 0.1734375 0.2125 0.171875 0.190625 0.1078125 0.1796875 0.0640625 0.1859375 0.0484375 0.1984375
2 0.059375 0.7421875 0.0640625 0.875 0.078125 0.9875 0.084375 0.9984375 0.2078125 0.9984375 0.2390625 0.9390625 0.253125 0.934375 0.3046875 0.9359375 0.321875 0.9484375 0.31875 0.9296875 0.2609375 0.8078125 0.19375 0.6828125 0.18125 0.6765625 0.15 0.6828125