2 0.567699836867863 0.5441988950276243 0.567699836867863 0.7707182320441989 0.5742251223491027 0.8093922651933702 0.8091353996737357 0.9834254143646409 0.8466557911908646 0.988950276243094 0.8515497553017944 0.9806629834254144 0.8939641109298532 0.8287292817679558 0.9070146818923328 0.7430939226519337 0.9347471451876019 0.6519337016574586 0.9412724306688418 0.5994475138121547 0.933115823817292 0.5828729281767956 0.9412724306688418 0.5662983425414365 0.9119086460032626 0.6049723756906077 0.9102773246329527 0.6519337016574586 0.8939641109298532 0.6850828729281768 0.8743882544861338 0.6961325966850829 0.8548123980424144 0.6823204419889503 0.8482871125611745 0.6602209944751382 0.7471451876019576 0.6243093922651933 0.6117455138662317 0.5469613259668509
2 0.5611745513866232 0.1878453038674033 0.5725938009787929 0.23342541436464087 0.5725938009787929 0.494475138121547 0.5774877650897227 0.5193370165745856 0.6525285481239804 0.5662983425414365 0.8743882544861338 0.6712707182320442 0.8939641109298532 0.6353591160220995 0.9037520391517129 0.580110497237569 0.933115823817292 0.5248618784530387 0.9526916802610114 0.430939226519337 0.964110929853181 0.3342541436464088 0.9804241435562806 0.30662983425414364 0.99836867862969 0.23756906077348067 0.99836867862969 0.18232044198895028 0.9771615008156607 0.13812154696132597 0.9771615008156607 0.12430939226519337 0.9592169657422512 0.10497237569060773 0.9249592169657422 0.09392265193370165 0.800978792822186 0.09392265193370165 0.7814029363784666 0.11602209944751381 0.7259380097879282 0.12430939226519337 0.632952691680261 0.11878453038674033 0.598694942903752 0.1408839779005525 0.5823817292006526 0.17679558011049723
2 0.09951060358890701 0.430939226519337 0.1468189233278956 0.8839779005524862 0.24469820554649266 0.988950276243094 0.2724306688417618 0.9834254143646409 0.3360522022838499 0.8950276243093923 0.32137030995106036 0.5414364640883977 0.3099510603588907 0.43646408839779005 0.2300163132137031 0.4889502762430939 0.20554649265905384 0.49171270718232046
2 0.0701468189233279 0.2541436464088398 0.0636215334420881 0.2541436464088398 0.0636215334420881 0.27348066298342544 0.07830342577487764 0.39226519337016574 0.09787928221859707 0.42265193370165743 0.20228384991843393 0.48342541436464087 0.22838499184339314 0.48066298342541436 0.31484502446982054 0.425414364640884 0.3034257748776509 0.26795580110497236 0.200652528548124 0.3011049723756906
2 0.12234910277324633 0.08839779005524862 0.12234910277324633 0.13535911602209943 0.1402936378466558 0.27071823204419887 0.21533442088091354 0.2983425414364641 0.32137030995106036 0.2541436464088398 0.3181076672104405 0.13259668508287292 0.3099510603588907 0.08287292817679558 0.25122349102773245 0.06629834254143646 0.19575856443719414 0.06629834254143646 0.16802610114192496 0.0856353591160221
2 0.04241435562805873 0.06906077348066299 0.040783034257748776 0.09116022099447514 0.06199021207177814 0.24033149171270718 0.0766721044045677 0.2541436464088398 0.13376835236541598 0.27071823204419887 0.11908646003262642 0.0856353591160221 0.1729200652528548 0.06077348066298342 0.14355628058727568 0.055248618784530384
2 0.32300163132137033 0.1712707182320442 0.3262642740619902 0.2265193370165746 0.4078303425774878 0.26243093922651933 0.49592169657422513 0.2265193370165746 0.5089722675367048 0.1878453038674033 0.4796084828711256 0.1712707182320442 0.401305057096248 0.19889502762430938
2 0.32137030995106036 0.09668508287292818 0.32300163132137033 0.16574585635359115 0.39804241435562804 0.19613259668508287 0.48776508972267535 0.1685082872928177 0.5024469820554649 0.13535911602209943 0.49755301794453505 0.1132596685082873 0.45840130505709625 0.09116022099447514 0.37846655791190864 0.11049723756906077 0.3442088091353997 0.11049723756906077
2 0.41435562805872755 0.47513812154696133 0.4110929853181077 0.494475138121547 0.4192495921696574 0.5082872928176796 0.42088091353996737 0.5414364640883977 0.433931484502447 0.5552486187845304 0.48776508972267535 0.5027624309392266 0.5024469820554649 0.46685082872928174 0.4926590538336052 0.45027624309392267 0.46492659053833607 0.43370165745856354
2 0.3898858075040783 0.3149171270718232 0.3898858075040783 0.35911602209944754 0.42414355628058725 0.3784530386740331 0.44045676998368677 0.3784530386740331 0.49429037520391517 0.3425414364640884 0.5073409461663948 0.35359116022099446 0.5122349102773246 0.3342541436464088 0.5122349102773246 0.2983425414364641 0.49755301794453505 0.281767955801105 0.42088091353996737 0.3259668508287293
2 0.4893964110929853 0.22375690607734808 0.42088091353996737 0.26519337016574585 0.3360522022838499 0.2292817679558011 0.32463295269168024 0.2292817679558011 0.32463295269168024 0.24861878453038674 0.3866231647634584 0.3149171270718232 0.42088091353996737 0.32320441988950277 0.49755301794453505 0.27348066298342544 0.5024469820554649 0.24033149171270718
2 0.4796084828711256 0.425414364640884 0.4812398042414356 0.43922651933701656 0.5106035889070146 0.46408839779005523 0.564437194127243 0.42265193370165743 0.5693311582381729 0.3812154696132597 0.5481239804241436 0.3674033149171271
2 0.48450244698205547 0.06077348066298342 0.4796084828711256 0.09392265193370165 0.5057096247960848 0.12154696132596685 0.5579119086460033 0.11602209944751381 0.5872756933115824 0.08839779005524862 0.5856443719412724 0.06077348066298342 0.5611745513866232 0.04143646408839779