0 0.00980392156862745 0.3865450399087799 0.008823529411764706 0.3933865450399088 0.012745098039215686 0.3945267958950969 0.03627450980392157 0.3774230330672748 0.045098039215686274 0.37628278221208666 0.045098039215686274 0.3671607753705815 0.052941176470588235 0.3580387685290764 0.059803921568627454 0.3329532497149373 0.07254901960784314 0.3295324971493729 0.09901960784313725 0.3329532497149373 0.11274509803921569 0.3580387685290764 0.12254901960784313 0.35917901938426455 0.14901960784313725 0.37970353477765106 0.1568627450980392 0.3808437856328392 0.15784313725490196 0.3660205245153934 0.17254901960784313 0.3557582668187001 0.17352941176470588 0.3329532497149373 0.16470588235294117 0.3124287343215507 0.13529411764705881 0.2782212086659065 0.07352941176470588 0.2348916761687571 0.058823529411764705 0.25997719498289623 0.058823529411764705 0.2782212086659065 0.020588235294117647 0.34777651083238315
2 0.008823529411764706 0.4572405929304447 0.00980392156862745 0.5119726339794755 0.013725490196078431 0.5290763968072976 0.018627450980392157 0.5347776510832383 0.056862745098039215 0.5541619156214367 0.11274509803921569 0.5746864310148233 0.16470588235294117 0.47434435575826683 0.16862745098039217 0.4526795895096921 0.16176470588235295 0.41391106043329534 0.14705882352941177 0.3933865450399088 0.13333333333333333 0.38540478905359177 0.12352941176470589 0.36830102622576966 0.10588235294117647 0.35917901938426455 0.09901960784313725 0.3443557582668187 0.08137254901960785 0.33979475484606614 0.06862745098039216 0.34321550741163054 0.06372549019607843 0.3363740022805017 0.05784313725490196 0.3409350057012543 0.05 0.3363740022805017 0.049019607843137254 0.3443557582668187 0.054901960784313725 0.346636259977195 0.05 0.37970353477765106 0.025490196078431372 0.3831242873432155 0.026470588235294117 0.3933865450399088
2 0.21176470588235294 0.6887115165336374 0.2107843137254902 0.6966932725199544 0.21666666666666667 0.7126567844925884 0.2372549019607843 0.7616875712656784 0.24509803921568626 0.7719498289623717 0.3323529411764706 0.7924743443557583 0.35294117647058826 0.7890535917901939 0.4147058823529412 0.7035347776510832 0.4117647058823529 0.6909920182440137 0.3637254901960784 0.6316989737742303 0.3411764705882353 0.56442417331813 0.3264705882352941 0.5655644241733181 0.30686274509803924 0.5872291904218928 0.2833333333333333 0.5781071835803877 0.2725490196078431 0.5826681870011402 0.24509803921568626 0.6191562143671607
2 0.08333333333333333 0.6191562143671607 0.0784313725490196 0.6328392246294184 0.09215686274509804 0.6761687571265679 0.16666666666666666 0.7001140250855188 0.1843137254901961 0.6978335233751425 0.20784313725490197 0.6647662485746865 0.2196078431372549 0.6556442417331813 0.21470588235294116 0.6465222348916762 0.20294117647058824 0.6396807297605474 0.18725490196078431 0.636259977194983 0.12549019607843137 0.6077537058152793 0.11764705882352941 0.5895096921322691 0.10882352941176471 0.5883694412770809
2 0.00784313725490196 0.5313568985176739 0.00784313725490196 0.6476624857468644 0.05 0.6647662485746865 0.10882352941176471 0.580387685290764 0.0696078431372549 0.5610034207525656 0.05784313725490196 0.5598631698973774 0.04607843137254902 0.548460661345496
2 0.2411764705882353 0.3272519954389966 0.24411764705882352 0.33751425313568983 0.23431372549019608 0.3557582668187001 0.23529411764705882 0.3614595210946408 0.3303921568627451 0.4492588369441277 0.34509803921568627 0.4572405929304447 0.35980392156862745 0.43671607753705816 0.3696078431372549 0.43899657924743446 0.36176470588235293 0.4241733181299886 0.2803921568627451 0.3443557582668187 0.25392156862745097 0.3272519954389966
2 0.2235294117647059 0.35917901938426455 0.22647058823529412 0.36830102622576966 0.21666666666666667 0.37970353477765106 0.20784313725490197 0.37970353477765106 0.21176470588235294 0.3888255416191562 0.20784313725490197 0.40364880273660203 0.2196078431372549 0.4184720638540479 0.24901960784313726 0.4469783352337514 0.25588235294117645 0.44811858608893956 0.2676470588235294 0.4618015963511973 0.30490196078431375 0.4903078677309008 0.31666666666666665 0.49486887115165334 0.3284313725490196 0.4868871151653364 0.33431372549019606 0.4880273660205245 0.33137254901960783 0.4823261117445838 0.33725490196078434 0.467502850627138 0.3480392156862745 0.4697833523375142 0.34509803921568627 0.45952109464082097 0.257843137254902 0.37970353477765106 0.23333333333333334 0.3603192702394527
2 0.19607843137254902 0.40364880273660203 0.19509803921568628 0.4241733181299886 0.22450980392156863 0.45952109464082097 0.30098039215686273 0.5153933865450399 0.30686274509803924 0.5153933865450399 0.31666666666666665 0.5062713797035348 0.32254901960784316 0.508551881413911 0.31470588235294117 0.4960091220068415 0.2656862745098039 0.4606613454960091 0.20784313725490197 0.40592930444697833 0.20098039215686275 0.4013683010262258
2 0.18235294117647058 0.43899657924743446 0.18137254901960784 0.443557582668187 0.19117647058823528 0.4606613454960091 0.2088235294117647 0.4811858608893957 0.26862745098039215 0.5199543899657925 0.27450980392156865 0.5279361459521095 0.2901960784313726 0.5359179019384265 0.3 0.5256556442417332 0.307843137254902 0.5256556442417332 0.30196078431372547 0.5165336374002281 0.27156862745098037 0.4960091220068415 0.26666666666666666 0.4880273660205245 0.2235294117647059 0.4606613454960091 0.18823529411764706 0.4218928164196123
2 0.1676470588235294 0.467502850627138 0.16666666666666666 0.4766248574686431 0.17058823529411765 0.4846066134549601 0.19215686274509805 0.5142531356898518 0.27450980392156865 0.5610034207525656 0.2803921568627451 0.5530216647662486 0.2901960784313726 0.5507411630558723 0.2911764705882353 0.540478905359179 0.2872549019607843 0.5347776510832383 0.21176470588235294 0.4823261117445838 0.18137254901960784 0.44811858608893956 0.17549019607843136 0.4492588369441277
2 0.15490196078431373 0.49486887115165334 0.153921568627451 0.5017103762827823 0.1588235294117647 0.5108323831242874 0.17941176470588235 0.5359179019384265 0.2607843137254902 0.580387685290764 0.27647058823529413 0.5712656784492588 0.27450980392156865 0.5621436716077537 0.19215686274509805 0.5142531356898518 0.1676470588235294 0.48004561003420754 0.16470588235294117 0.4789053591790194
2 0.1411764705882353 0.5256556442417332 0.1392156862745098 0.5324971493728621 0.1480392156862745 0.5393386545039909 0.1607843137254902 0.5598631698973774 0.19411764705882353 0.5758266818700114 0.19607843137254902 0.5815279361459521 0.25098039215686274 0.6031927023945268 0.257843137254902 0.5906499429874572 0.2656862745098039 0.5883694412770809 0.2647058823529412 0.5769669327251995 0.25098039215686274 0.5758266818700114 0.246078431372549 0.5587229190421893 0.23333333333333334 0.5553021664766249 0.22647058823529412 0.5598631698973774 0.1784313725490196 0.5359179019384265 0.153921568627451 0.5028506271379704 0.14901960784313725 0.5051311288483467
2 0.13333333333333333 0.5359179019384265 0.1264705882352941 0.5541619156214367 0.14215686274509803 0.5849486887115165 0.2372549019607843 0.6259977194982896 0.2519607843137255 0.6066134549600912 0.2519607843137255 0.6031927023945268 0.15980392156862744 0.5598631698973774 0.14215686274509803 0.5324971493728621
2 0.11862745098039215 0.5667046750285063 0.11764705882352941 0.5826681870011402 0.1284313725490196 0.6100342075256556 0.2196078431372549 0.6476624857468644 0.23627450980392156 0.6339794754846066 0.23333333333333334 0.6259977194982896 0.14411764705882352 0.5872291904218928 0.1264705882352941 0.5553021664766249