3 0.075 0.7078125 0.103125 0.125
2 0.75390625 0.56015625 0.0953125 0.0796875
2 0.31328125 0.6953125 0.140625 0.19375
1 0.85859375 0.50859375 0.28125 0.4796875
2 0.459375 0.7984375 0.09375 0.175
2 0.58125 0.5484375 0.171875 0.203125
2 0.23671875 0.58671875 0.1359375 0.0546875
3 0.01640625 0.69921875 0.0328125 0.1
2 0.4578125 0.5609375 0.0671875 0.1546875
2 0.67265625 0.56484375 0.03125 0.065625
2 0.49296875 0.4796875 0.065625 0.065625
2 0.46640625 0.690625 0.0953125 0.09375
2 0.5734375 0.221875 0.55625 0.2640625 0.5671875 0.2828125 0.584375 0.296875 0.628125 0.3125 0.715625 0.359375 0.7453125 0.3875 0.771875 0.39375 0.803125 0.3140625 0.7421875 0.265625 0.73125 0.2484375 0.596875 0.190625 0.5875 0.190625
2 0.515625 0.3421875 0.5078125 0.4 0.53125 0.4296875 0.60625 0.4578125 0.6390625 0.459375 0.6890625 0.4765625 0.70625 0.4671875 0.734375 0.3890625 0.7140625 0.3625 0.6421875 0.3265625 0.5578125 0.3046875 0.528125 0.3078125
2 0.5265625 0.6703125 0.5296875 0.6875 0.521875 0.6984375 0.521875 0.7203125 0.559375 0.7359375 0.8359375 0.7125 0.8546875 0.70625 0.8609375 0.6953125 0.8546875 0.653125 0.8421875 0.6484375 0.74375 0.6625 0.6 0.6703125 0.540625 0.6609375
3 0.215625 0.7953125 0.2140625 0.8234375 0.228125 0.8359375 0.2359375 0.853125 0.271875 0.8546875 0.325 0.840625 0.3453125 0.7921875 0.340625 0.759375 0.3109375 0.715625 0.303125 0.7109375 0.284375 0.7140625 0.24375 0.753125 0.2203125 0.78125
3 0.565625 0.7484375 0.5671875 0.828125 0.575 0.8453125 0.6296875 0.8609375 0.64375 0.8484375 0.6765625 0.846875 0.7015625 0.865625 0.728125 0.865625 0.7375 0.8625 0.7421875 0.8421875 0.7609375 0.8296875 0.759375 0.76875 0.7296875 0.778125 0.678125 0.7375 0.65 0.728125 0.584375 0.7359375