1 0.1566875 0.34103125 0.31025 0.48042187500000005
3 0.57890625 0.3296875 0.15 0.196875
3 0.896875 0.77109375 0.109375 0.134375
3 0.73359375 0.321875 0.159375 0.165625
2 0.9359375 0.4546875 0.1265625 0.265625
3 0.8828125 0.73671875 0.034375 0.040625
0 0.1203125 0.12265625 0.0625 0.046875
3 0.1828125 0.76875 0.0859375 0.175
3 0.33359375 0.43984375 0.090625 0.078125
3 0.66875 0.325 0.0421875 0.065625
2 0.8640625 0.4140625 0.0734375 0.1109375
1 0.6697968750000001 0.5666249999999999 0.34114062500000003 0.6839375000000001
2 0.3515625 0.39375 0.35 0.4125 0.3625 0.44375 0.38125 0.4515625 0.4046875 0.4421875 0.45 0.3984375 0.459375 0.378125 0.4609375 0.3625 0.4453125 0.31875 0.3703125 0.3375