3 0.4484375 0.32265625 0.1328125 0.1609375
3 0.41875 0.46796875 0.1125 0.1484375
3 0.49921875 0.48125 0.178125 0.3484375
3 0.63125 0.83515625 0.1859375 0.2984375
2 0.46484375 0.753125 0.2078125 0.1796875
1 0.72109375 0.4640625 0.25625 0.5421875
3 0.8703125 0.46796875 0.0765625 0.3109375
3 0.2203125 0.72265625 0.05 0.0609375
3 0.29140625 0.75546875 0.1390625 0.0890625
3 0.23359375 0.21796875 0.0625 0.0890625
3 0.4921875 0.17109375 0.0921875 0.134375
3 0.92421875 0.44921875 0.05 0.0796875
3 0.9671875 0.5859375 0.0234375 0.0359375
3 0.9421875 0.653125 0.084375 0.0578125
3 0.97421875 0.44609375 0.0421875 0.1015625
3 0.946875 0.309375 0.0703125 0.0328125