1 0.54296875 0.4234375 0.634375 0.8171875
2 0.115625 0.90234375 0.23125 0.1828125
3 0.56328125 0.19375 0.0625 0.046875
3 0.5140625 0.19375 0.040625 0.046875
3 0.596875 0.16171875 0.046875 0.0546875
2 0.6921875 0.921875 0.1484375 0.1359375
3 0.4609375 0.20625 0.0390625 0.046875
3 0.60234375 0.21171875 0.03125 0.05625
2 0.35625 0.83828125 0.0609375 0.109375
2 0.64453125 0.72578125 0.196875 0.234375
2 0.471875 0.8140625 0.15 0.2390625
2 0.303125 0.7765625 0.11875 0.1796875
2 0.3140625 0.925 0.1328125 0.1484375
2 0.8296875 0.8765625 0.8328125 0.9984375 0.9984375 0.9984375 0.9984375 0.828125 0.9421875 0.8203125 0.8390625 0.8640625