4 0.08375 0.17833333333333334 0.0825 0.185 0.08875 0.185 0.09125 0.195 0.085 0.21333333333333335 0.0875 0.23666666666666666 0.1075 0.25666666666666665 0.125 0.255 0.14625 0.235 0.20875 0.235 0.2325 0.255 0.24875 0.25666666666666665 0.2575 0.25166666666666665 0.26875 0.23 0.2675 0.20833333333333334 0.25 0.185 0.24125 0.15 0.23375 0.13833333333333334 0.2225 0.14166666666666666 0.20875 0.11333333333333333 0.20625 0.12666666666666668 0.1275 0.14166666666666666 0.10875 0.14 0.10875 0.15666666666666668 0.08875 0.165
4 0.2975 0.15 0.31375 0.145 0.3225 0.16333333333333333 0.3 0.19166666666666668 0.295 0.20666666666666667 0.29875 0.24 0.31875 0.25833333333333336 0.34125 0.25333333333333335 0.35375 0.23 0.40125 0.215 0.4275 0.21666666666666667 0.43875 0.24833333333333332 0.45375 0.25666666666666665 0.475 0.25166666666666665 0.48875 0.22666666666666666 0.4875 0.2 0.46625 0.17666666666666667 0.47375 0.15666666666666668 0.46 0.14333333333333334 0.43875 0.14 0.42125 0.10666666666666667 0.40875 0.11166666666666666 0.40625 0.135 0.39875 0.14 0.38 0.145 0.3025 0.14
4 0.515 0.20666666666666667 0.5175 0.23666666666666666 0.53625 0.25333333333333335 0.54875 0.25333333333333335 0.5625 0.24333333333333335 0.62625 0.24 0.63625 0.22 0.6275 0.20666666666666667 0.63 0.19166666666666668 0.635 0.17166666666666666 0.64625 0.16333333333333333 0.64625 0.14333333333333334 0.62125 0.13 0.61625 0.145 0.59375 0.17 0.575 0.17833333333333334 0.53 0.17833333333333334
4 0.6575 0.175 0.66125 0.19833333333333333 0.6575 0.21833333333333332 0.6725 0.25 0.695 0.255 0.71375 0.23833333333333334 0.7175 0.20666666666666667 0.7075 0.185 0.695 0.17666666666666667 0.665 0.18333333333333332
4 0.7275 0.11833333333333333 0.72625 0.145 0.75 0.15666666666666668 0.7475 0.19666666666666666 0.75375 0.19833333333333333 0.75125 0.24166666666666667 0.76625 0.25833333333333336 0.78625 0.25666666666666665 0.805 0.23166666666666666 0.81625 0.24 0.86875 0.23333333333333334 0.87625 0.25333333333333335 0.8875 0.26166666666666666 0.90875 0.25833333333333336 0.91875 0.24333333333333335 0.91875 0.215 0.90125 0.195 0.90625 0.18166666666666667 0.8875 0.17166666666666666 0.88375 0.14333333333333334 0.87375 0.125 0.87 0.125 0.86875 0.14333333333333334 0.865 0.14333333333333334 0.84625 0.115 0.85 0.135 0.835 0.15333333333333332 0.80625 0.17 0.76125 0.14833333333333334 0.7625 0.125 0.75625 0.11666666666666667
4 0.08125 0.5116666666666667 0.08375 0.5516666666666666 0.09875 0.5716666666666667 0.12125 0.57 0.13375 0.555 0.21625 0.555 0.2225 0.5666666666666667 0.24375 0.5733333333333334 0.25625 0.5666666666666667 0.26625 0.5466666666666666 0.26125 0.515 0.2275 0.4766666666666667 0.2225 0.4483333333333333 0.2125 0.44666666666666666 0.19875 0.41833333333333333 0.19625 0.44666666666666666 0.1875 0.4633333333333333 0.1625 0.47833333333333333 0.10875 0.47 0.1 0.48 0.10375 0.5016666666666667 0.095 0.5066666666666667 0.085 0.5033333333333333
4 0.3 0.5333333333333333 0.3 0.56 0.3075 0.57 0.32125 0.5716666666666667 0.3425 0.56 0.38 0.555 0.45875 0.5533333333333333 0.47625 0.56 0.4875 0.5516666666666666 0.49125 0.5216666666666666 0.47375 0.485 0.43875 0.47833333333333333 0.435 0.455 0.425 0.4533333333333333 0.4125 0.48 0.34875 0.4716666666666667 0.3325 0.495 0.3225 0.49666666666666665
4 0.51875 0.515 0.515 0.5283333333333333 0.5225 0.56 0.54375 0.5766666666666667 0.555 0.575 0.58 0.5533333333333333 0.6125 0.56 0.65875 0.5566666666666666 0.67875 0.575 0.6925 0.5766666666666667 0.71 0.5616666666666666 0.71375 0.545 0.71 0.5233333333333333 0.675 0.49333333333333335 0.6725 0.47833333333333333 0.645 0.4483333333333333 0.63875 0.43 0.63375 0.435 0.63625 0.445 0.6175 0.4666666666666667 0.5775 0.48833333333333334 0.56375 0.4766666666666667 0.54625 0.4766666666666667 0.54125 0.5016666666666667
4 0.7325 0.48333333333333334 0.73125 0.5083333333333333 0.74 0.515 0.735 0.5333333333333333 0.7375 0.555 0.75625 0.575 0.77 0.575 0.7875 0.5566666666666666 0.865 0.5566666666666666 0.87625 0.5733333333333334 0.8975 0.5783333333333334 0.9075 0.5716666666666667 0.9175 0.5533333333333333 0.91875 0.535 0.91375 0.5183333333333333 0.89625 0.5 0.8825 0.5033333333333333 0.875 0.49333333333333335 0.8725 0.4866666666666667 0.87875 0.475 0.87875 0.46 0.8725 0.445 0.855 0.45 0.85125 0.46 0.84041625 0.465 0.81625 0.4683333333333333 0.80375 0.48 0.76125 0.47
4 0.085 0.8 0.09125 0.8166666666666667 0.08125 0.8316666666666667 0.08 0.8633333333333333 0.09 0.8833333333333333 0.1025 0.8916666666666667 0.12125 0.89 0.13375 0.8783333333333333 0.255 0.8916666666666667 0.2675 0.8833333333333333 0.27625 0.865 0.275 0.8383333333333334 0.25625 0.8016666666666666 0.255 0.7816666666666666 0.24375 0.7583333333333333 0.2275 0.7433333333333333 0.21875 0.7533333333333333 0.12875 0.7716666666666666 0.11875 0.7616666666666667 0.09875 0.76 0.08875 0.7783333333333333
4 0.3175 0.835 0.3125 0.855 0.32125 0.8566666666666667 0.32375 0.8766666666666667 0.335 0.89 0.34625 0.89 0.3825 0.8683333333333333 0.4175 0.8683333333333333 0.42875 0.8616666666666667 0.4375 0.8683333333333333 0.445 0.8866666666666667 0.46 0.89 0.475 0.8683333333333333 0.47 0.8333333333333334 0.4525 0.8183333333333334 0.43375 0.78 0.4325 0.7616666666666667 0.41875 0.7466666666666667 0.39625 0.7983333333333333 0.34125 0.7933333333333333 0.33625 0.81
4 0.54 0.7733333333333333 0.5375 0.8033333333333333 0.52875 0.8016666666666666 0.52625 0.8116666666666666 0.535 0.8316666666666667 0.52875 0.8516666666666667 0.53125 0.8633333333333333 0.545 0.8833333333333333 0.56375 0.8866666666666667 0.58125 0.8733333333333333 0.60125 0.8933333333333333 0.60375 0.865 0.61625 0.8666666666666667 0.63125 0.855 0.65 0.88 0.6675 0.885 0.68 0.8783333333333333 0.68875 0.8616666666666667 0.68875 0.8383333333333334 0.65125 0.75 0.64 0.74 0.6375 0.7633333333333333 0.59375 0.7866666666666666 0.5875 0.78 0.5475 0.77
4 0.72375 0.8383333333333334 0.725 0.8716666666666667 0.74375 0.89 0.75625 0.89 0.78375 0.875 0.8625 0.8783333333333333 0.875 0.8716666666666667 0.89 0.8883333333333333 0.905 0.8883333333333333 0.92 0.8766666666666667 0.925 0.86 0.92125 0.8316666666666667 0.91 0.82 0.895625 0.8166666666666667 0.8825 0.79 0.8625 0.77 0.8175 0.7883333333333333 0.80125 0.8016666666666666 0.775 0.7883333333333333 0.755 0.79 0.755 0.8 0.74625 0.815 0.73375 0.8216666666666667