0 0.69140625 0.5769230769230769 0.6962890625 0.6136363636363636 0.697265625 0.7167832167832168 0.69140625 0.743006993006993 0.701171875 0.75 0.7099609375 0.7272727272727273 0.73046875 0.7237762237762237 0.7568359375 0.7377622377622378 0.763671875 0.763986013986014 0.783203125 0.7709790209790209 0.798828125 0.7325174825174825 0.806640625 0.6608391608391608 0.81640625 0.6416083916083916 0.8193359375 0.548951048951049 0.83203125 0.5052447552447552 0.822265625 0.493006993006993 0.7294921875 0.4755244755244755
4 0.3525390625 0.48776223776223776 0.3544921875 0.513986013986014 0.3740234375 0.5437062937062938 0.388671875 0.6013986013986014 0.39453125 0.6451048951048951 0.3896484375 0.6678321678321678 0.3935546875 0.666083916083916 0.4140625 0.708041958041958 0.4287109375 0.7045454545454546 0.431640625 0.6888111888111889 0.4296875 0.6643356643356644 0.4423828125 0.6451048951048951 0.443359375 0.6346153846153846 0.4384765625 0.6118881118881119 0.4248046875 0.5804195804195804 0.4267578125 0.5524475524475524 0.4208984375 0.5209790209790209 0.400390625 0.48776223776223776 0.404296875 0.46853146853146854 0.4150390625 0.4562937062937063 0.3779296875 0.46853146853146854 0.3671875 0.4982517482517482
1 0.2373046875 0.23076923076923078 0.236328125 0.256993006993007 0.248046875 0.3758741258741259 0.27734375 0.5174825174825175 0.2900390625 0.5297202797202797 0.3046875 0.5122377622377622 0.349609375 0.5052447552447552 0.3525390625 0.48951048951048953 0.365234375 0.479020979020979 0.3671875 0.40792482517482515 0.373046875 0.3758741258741259 0.369140625 0.3688811188811189 0.369140625 0.3513986013986014 0.341796875 0.29545454545454547 0.333984375 0.28846153846153844 0.3349609375 0.2674825174825175 0.328125 0.21678321678321677 0.322265625 0.21153846153846154 0.29296875 0.21503496503496503
0 0.3984375 0.28321678321678323 0.3994140625 0.4423076923076923 0.408203125 0.44405594405594406 0.4248046875 0.4353146853146853 0.42578125 0.2937062937062937 0.4189453125 0.28496503496503495
0 0.900390625 0.19055944055944055 0.896484375 0.2762237762237762 0.9111328125 0.28846153846153844 0.9248046875 0.28496503496503495 0.9345703125 0.1958041958041958 0.921875 0.1853146853146853
2 0.1962890625 0.5052447552447552 0.1982421875 0.5227272727272727 0.1806640625 0.5384615384615384 0.189453125 0.5961538461538461 0.2314453125 0.5996503496503497 0.2412109375 0.5944055944055944 0.2490234375 0.5804195804195804 0.251953125 0.5664335664335665 0.2490234375 0.5437062937062938 0.2373046875 0.5087412587412588 0.2275390625 0.5052447552447552 0.2236328125 0.5157342657342657 0.21875 0.5157342657342657 0.2041015625 0.5017482517482518
3 0.2177734375 0.45454545454545453 0.2158203125 0.46678321678321677 0.21875 0.4772727272727273 0.232421875 0.49125874125874125 0.26171875 0.46678321678321677 0.2578125 0.43356643356643354 0.248046875 0.4230769230769231 0.228515625 0.42482517482517484
3 0.232421875 0.493006993006993 0.2451171875 0.527972027972028 0.2705078125 0.5297202797202797 0.26953125 0.486013986013986 0.2646484375 0.4755244755244755 0.2509765625 0.4755244755244755
3 0.15625 0.4965034965034965 0.154296875 0.5174825174825175 0.1875 0.5244755244755245 0.2021484375 0.4737762237762238 0.1904296875 0.44755244755244755 0.177734375 0.44755244755244755 0.1640625 0.46153846153846156
3 0.2490234375 0.5297202797202797 0.2470703125 0.534965034965035 0.2548828125 0.5734265734265734 0.2734375 0.5856643356643356 0.2822265625 0.583916083916084 0.28125 0.5576923076923077 0.2744140625 0.5367132867132867
3 0.1953125 0.42832167832167833 0.1953125 0.45454545454545453 0.2060546875 0.46503496503496505 0.2158203125 0.46503496503496505 0.2216796875 0.4370629370629371 0.228515625 0.42482517482517484 0.2421875 0.4178321678321678 0.2333984375 0.40559440559440557 0.216796875 0.40559440559440557