1 0.322265625 0.5084967320261438 0.3212890625 0.5176470588235295 0.3291015625 0.5392156862745098 0.328125 0.611764705882353 0.3662109375 0.6091503267973856 0.369140625 0.5333333333333333 0.376953125 0.5202614379084968 0.3671875 0.515032679738562 0.3671875 0.5045751633986928 0.3701171875 0.4980392156862745 0.380859375 0.49411764705882355 0.3798828125 0.48627450980392156 0.376953125 0.4823529411764706 0.3577470703125 0.48627450980392156 0.3447265625 0.477124183006536 0.3486328125 0.46797385620915033 0.3486328125 0.46143790849673205 0.3447265625 0.46013071895424834 0.337890625 0.46797385620915033
1 0.5625 0.5359477124183006 0.5625 0.5647058823529412 0.57421875 0.5934640522875817 0.5810546875 0.6 0.6044921875 0.5986928104575163 0.6123046875 0.5189542483660131 0.609375 0.4915032679738562 0.5986328125 0.4875816993464052 0.5888671875 0.4980392156862745 0.578125 0.49411764705882355 0.568359375 0.5006535947712418
2 0.9443359375 0.5882352941176471 0.9443359375 0.6509803921568628 0.953125 0.657516339869281 0.98046875 0.6627450980392157 0.9814453125 0.5947712418300654
2 0.9296875 0.46013071895424834 0.9287109375 0.4666666666666667 0.94140625 0.469281045751634 0.94140625 0.5084967320261438 0.9443359375 0.5124183006535947 0.9765625 0.515032679738562 0.9814453125 0.4993464052287582 0.9990234375 0.4888888888888889 0.9990234375 0.43529411764705883 0.9423828125 0.44052287581699345
2 0.8994140625 0.6418300653594772 0.8994140625 0.7032679738562092 0.935546875 0.7202614379084967 0.9384765625 0.657516339869281
2 0.73046875 0.5607843137254902 0.73046875 0.615686274509804 0.74609375 0.6313725490196078 0.7646484375 0.6287581699346405 0.763671875 0.6196078431372549 0.775390625 0.5869281045751634 0.7890625 0.5803921568627451 0.7978515625 0.5882352941176471 0.8095703125 0.5856209150326798 0.7900390625 0.5568627450980392
2 0.7724609375 0.6039215686274509 0.7685546875 0.6183006535947713 0.7744140625 0.6326797385620915 0.79296875 0.6418300653594772 0.833984375 0.6392156862745098 0.8408203125 0.615686274509804 0.8349609375 0.6026143790849673 0.8125 0.5947712418300654 0.7939453125 0.6 0.7783203125 0.5973856209150327
2 0.6259765625 0.5359477124183006 0.625 0.5607843137254902 0.62890625 0.5751633986928104 0.650390625 0.5777777777777777 0.6611328125 0.5738562091503268 0.6611328125 0.5450980392156862 0.6572265625 0.530718954248366 0.65234375 0.534640522875817 0.6396484375 0.5294117647058824
2 0.939453125 0.5137254901960784 0.9384765625 0.5803921568627451 0.9453125 0.5869281045751634 0.9775390625 0.5908496732026144 0.9794921875 0.5189542483660131
2 0.9052734375 0.5803921568627451 0.9091796875 0.592156862745098 0.9072265625 0.6130718954248366 0.896484375 0.6287581699346405 0.896484375 0.6366013071895424 0.9287109375 0.6496732026143791 0.94140625 0.6496732026143791 0.9423828125 0.5882352941176471 0.9375 0.5843137254901961 0.935546875 0.5699346405228758 0.921875 0.5686274509803921 0.9208984375 0.5633986928104575 0.9091796875 0.5647058823529412
2 0.939453125 0.661437908496732 0.9384765625 0.7189542483660131 0.9482421875 0.7281045751633987 0.9775390625 0.7411764705882353 0.98046875 0.6666666666666666 0.94921875 0.6562091503267974
2 0.98046875 0.5084967320261438 0.98046875 0.5764705882352941 0.9990234375 0.5816993464052288 0.9990234375 0.5006535947712418 0.9853515625 0.5019607843137255
2 0.982421875 0.615686274509804 0.9814453125 0.661437908496732 0.9990234375 0.6666666666666666 0.9990234375 0.5830065359477125 0.984375 0.5843137254901961
2 0.9814453125 0.677124183006536 0.98046875 0.7411764705882353 0.9990234375 0.7529411764705882 0.9990234375 0.6679738562091503 0.9833984375 0.6640522875816993