0 0.251953125 0.3479020979020979 0.248046875 0.3758741258741259 0.2568359375 0.4318181818181818 0.259765625 0.48426573426573427 0.2685546875 0.5209790209790209 0.287109375 0.5314685314685315 0.2900390625 0.5506993006993007 0.2978515625 0.5524475524475524 0.302734375 0.5454545454545454 0.3017578125 0.527972027972028 0.3095703125 0.5104895104895105 0.3623046875 0.48951048951048953 0.3681640625 0.45454545454545453 0.3671875 0.3951048951048951 0.3720703125 0.38286713286713286 0.3662109375 0.3548951048951049 0.337890625 0.3269230769230769 0.2861328125 0.34440559440559443
4 0.3515625 0.48776223776223776 0.3515625 0.5209790209790209 0.357421875 0.5332167832167832 0.3671875 0.527972027972028 0.3759765625 0.548951048951049 0.37890625 0.5716783216783217 0.390625 0.6048951048951049 0.3984375 0.6520979020979021 0.396484375 0.6573426573426573 0.4072265625 0.6835664335664335 0.4267578125 0.7097902097902098 0.4306640625 0.701048951048951 0.4287109375 0.6765734265734266 0.4443359375 0.6346153846153846 0.4384765625 0.6276223776223776 0.416015625 0.4562937062937063 0.4091796875 0.45454545454545453 0.4013671875 0.4405594405594406 0.408203125 0.42832167832167833 0.4072265625 0.42132867132867136 0.400390625 0.4230769230769231 0.3974609375 0.43356643356643354 0.3583984375 0.486013986013986
0 0.400390625 0.28321678321678323 0.3994140625 0.4178321678321678 0.40625 0.4318181818181818 0.40234375 0.4388111888111888 0.4169921875 0.4388111888111888 0.423828125 0.4318181818181818 0.42578125 0.41083916083916083 0.42578125 0.291958041958042 0.4150390625 0.28321678321678323
0 0.8974609375 0.24475524475524477 0.8994140625 0.27972027972027974 0.9140625 0.2867132867132867 0.923828125 0.28146853146853146 0.9326171875 0.19230769230769232 0.9189453125 0.18356643356643357 0.90234375 0.18706293706293706
1 0.6923828125 0.5402097902097902 0.6953125 0.5611888111888111 0.6904296875 0.5874125874125874 0.6962890625 0.6223776223776224 0.6953125 0.7045454545454546 0.7001953125 0.7097902097902098 0.7158203125 0.6923076923076923 0.748046875 0.6975524475524476 0.7578125 0.7027972027972028 0.7705078125 0.7342657342657343 0.779296875 0.7412587412587412 0.7958984375 0.7377622377622378 0.8056640625 0.6748251748251748 0.81640625 0.6381118881118881 0.8203125 0.5751748251748252 0.8173828125 0.5122377622377622 0.7685546875 0.47027972027972026 0.76171875 0.47202797202797203 0.751953125 0.4965034965034965 0.7353515625 0.4737762237762238 0.7265625 0.48426573426573427 0.705078125 0.493006993006993 0.703125 0.5174825174825175 0.697265625 0.5227272727272727
2 0.6884765625 0.7307692307692307 0.6884765625 0.7412587412587412 0.7001953125 0.75 0.6982421875 0.7674825174825175 0.703125 0.798951048951049 0.748046875 0.8146853146853147 0.7548828125 0.8129370629370629 0.76171875 0.784965034965035 0.7783203125 0.75 0.7646484375 0.7325174825174825 0.7578125 0.7062937062937062 0.7333984375 0.6958041958041958 0.71484375 0.6958041958041958 0.7001953125 0.715034965034965 0.6943359375 0.715034965034965
2 0.8056640625 0.701048951048951 0.8056640625 0.7412587412587412 0.845703125 0.7937062937062938 0.8544921875 0.7604895104895105 0.8623046875 0.701048951048951 0.861328125 0.6748251748251748 0.8466796875 0.6643356643356644 0.8427734375 0.6503496503496503 0.830078125 0.6451048951048951 0.8115234375 0.6608391608391608
2 0.6123046875 0.6748251748251748 0.6123046875 0.7307692307692307 0.6328125 0.7622377622377622 0.6435546875 0.7622377622377622 0.6474609375 0.7255244755244755 0.6611328125 0.7062937062937062 0.66015625 0.6713286713286714 0.6435546875 0.6538461538461539 0.6318359375 0.6695804195804196
2 0.6748046875 0.6188811188811189 0.6474609375 0.6555944055944056 0.6435546875 0.6538461538461539 0.64453125 0.6643356643356644 0.662109375 0.6765734265734266 0.66015625 0.6993006993006993 0.6669921875 0.7132867132867133 0.693359375 0.7027972027972028 0.6943359375 0.6363636363636364
3 0.6474609375 0.7307692307692307 0.646484375 0.7674825174825175 0.6572265625 0.7692307692307693 0.6611328125 0.7132867132867133 0.654296875 0.7132867132867133
3 0.6611328125 0.7325174825174825 0.6591796875 0.7762237762237763 0.66796875 0.7832167832167832 0.6708984375 0.7202797202797203 0.6650390625 0.715034965034965
3 0.669921875 0.7185314685314685 0.669921875 0.777972027972028 0.6796875 0.7832167832167832 0.6826171875 0.7325174825174825 0.6806640625 0.722027972027972
3 0.68359375 0.7412587412587412 0.681640625 0.7814685314685315 0.6904296875 0.7884615384615384 0.6943359375 0.7832167832167832 0.6962890625 0.7465034965034965 0.6884765625 0.7307692307692307
3 0.7705078125 0.7727272727272727 0.7685546875 0.791958041958042 0.771484375 0.798951048951049 0.7841796875 0.8006993006993007 0.7998046875 0.8181818181818182 0.806640625 0.7884615384615384 0.8173828125 0.7744755244755245 0.818359375 0.7657342657342657 0.8115234375 0.75 0.79296875 0.743006993006993 0.78125 0.7482517482517482
3 0.806640625 0.7884615384615384 0.8046875 0.8076923076923077 0.8095703125 0.8286713286713286 0.8291015625 0.8304195804195804 0.8427734375 0.8146853146853147 0.837890625 0.7867132867132867 0.8251953125 0.7709790209790209 0.8193359375 0.7692307692307693
3 0.7626953125 0.8076923076923077 0.7607421875 0.8216783216783217 0.7685546875 0.833916083916084 0.7939453125 0.8199300699300699 0.783203125 0.8024475524475524