1 0.69140625 0.5769230769230769 0.6962890625 0.6118881118881119 0.6962890625 0.7202797202797203 0.69140625 0.7342657342657343 0.6923828125 0.7447552447552448 0.703125 0.75 0.7119140625 0.722027972027972 0.751953125 0.7290209790209791 0.7705078125 0.7465034965034965 0.7685546875 0.7674825174825175 0.7822265625 0.7727272727272727 0.798828125 0.7325174825174825 0.8056640625 0.6678321678321678 0.81640625 0.6381118881118881 0.8203125 0.5979020979020979 0.8193359375 0.5524475524475524 0.8310546875 0.5122377622377622 0.8310546875 0.5 0.73046875 0.4755244755244755 0.716796875 0.5034965034965035 0.7158203125 0.5174825174825175 0.705078125 0.5262237762237763 0.7021484375 0.5524475524475524
1 0.2373046875 0.23251748251748253 0.2373046875 0.2744755244755245 0.248046875 0.3758741258741259 0.251953125 0.38286713286713286 0.26171875 0.4632867132867133 0.26953125 0.4737762237762238 0.2763671875 0.5192307692307693 0.2900390625 0.5297202797202797 0.298828125 0.5192307692307693 0.34375 0.5104895104895105 0.35546875 0.4965034965034965 0.3623046875 0.4965034965034965 0.3671875 0.4807692307692308 0.3671875 0.40734265734265734 0.373046875 0.3758741258741259 0.369140625 0.3706293706293706 0.369140625 0.34440559440559443 0.3603515625 0.3339160839160839 0.337890625 0.2744755244755245 0.328125 0.21678321678321677 0.2998046875 0.21328671328671328 0.244140625 0.22552447552447552
3 0.2080078125 0.479020979020979 0.2080078125 0.49125874125874125 0.234375 0.5017482517482518 0.259765625 0.46503496503496505 0.259765625 0.44405594405594406 0.2490234375 0.42482517482517484 0.232421875 0.42482517482517484
4 0.3701171875 0.486013986013986 0.36328125 0.5227272727272727 0.369140625 0.5227272727272727 0.388671875 0.5996503496503497 0.3896484375 0.6206293706293706 0.3798828125 0.6346153846153846 0.38671875 0.6381118881118881 0.3935546875 0.6625874125874126 0.4130859375 0.7027972027972028 0.427734375 0.7045454545454546 0.4306640625 0.6975524475524476 0.4287109375 0.6765734265734266 0.4423828125 0.6451048951048951 0.443359375 0.6328671328671329 0.435546875 0.6171328671328671 0.4384765625 0.6118881118881119 0.4150390625 0.4562937062937063 0.380859375 0.46678321678321677
3 0.1953125 0.5384615384615384 0.1962890625 0.5629370629370629 0.2177734375 0.5681818181818182 0.2236328125 0.5314685314685315 0.2333984375 0.5122377622377622 0.2275390625 0.5 0.208984375 0.49475524475524474
3 0.2236328125 0.5297202797202797 0.21875 0.5576923076923077 0.2236328125 0.5769230769230769 0.2548828125 0.5751748251748252 0.259765625 0.5524475524475524 0.2587890625 0.5244755244755245 0.25390625 0.5157342657342657 0.2353515625 0.5104895104895105
3 0.181640625 0.4755244755244755 0.181640625 0.5052447552447552 0.1884765625 0.5192307692307693 0.1962890625 0.5209790209790209 0.2060546875 0.493006993006993 0.2099609375 0.46678321678321677 0.19921875 0.45104895104895104 0.193359375 0.45104895104895104 0.185546875 0.4597902097902098
3 0.2001953125 0.4318181818181818 0.19921875 0.4493006993006993 0.2099609375 0.47027972027972026 0.232421875 0.4230769230769231 0.2158203125 0.41083916083916083
3 0.2421875 0.48776223776223776 0.23828125 0.5052447552447552 0.2548828125 0.5157342657342657 0.2587890625 0.5402097902097902 0.2763671875 0.5209790209790209 0.2724609375 0.4807692307692308 0.2646484375 0.46853146853146854 0.2587890625 0.46853146853146854
3 0.2607421875 0.541958041958042 0.259765625 0.5629370629370629 0.2626953125 0.5681818181818182 0.28515625 0.5734265734265734 0.29296875 0.5629370629370629 0.291015625 0.5402097902097902 0.2841796875 0.5262237762237763 0.275390625 0.5227272727272727
0 0.8974609375 0.23251748251748253 0.896484375 0.2762237762237762 0.9111328125 0.28846153846153844 0.9248046875 0.28321678321678323 0.9267578125 0.26573426573426573 0.921875 0.26223776223776224 0.9306640625 0.23601398601398602 0.9345703125 0.1958041958041958 0.9150390625 0.18356643356643357 0.900390625 0.1888111888111888
0 0.3984375 0.28321678321678323 0.3994140625 0.4423076923076923 0.4072265625 0.4458041958041958 0.4248046875 0.4353146853146853 0.42578125 0.2937062937062937 0.4150390625 0.28321678321678323