0 0.359 0.6333333333333333 0.3585 0.6873333333333334 0.3605 0.6906666666666667 0.36275 0.692 0.37525 0.6906666666666667 0.391 0.691 0.42175 0.6886666666666666 0.4255 0.686 0.42725 0.6506666666666666 0.43225 0.6403333333333333 0.43175 0.6373333333333333 0.4295 0.6333333333333333 0.42525 0.6303333333333333 0.41225 0.6096666666666667 0.4055 0.6073333333333333 0.39725 0.6076666666666667 0.39175 0.6106666666666667 0.3865 0.6183333333333333 0.3845 0.6248333333333334 0.381875 0.6273333333333333 0.3725 0.6283333333333333 0.366 0.627 0.362 0.629
0 0.36975 0.7066666666666667 0.36725 0.71 0.371 0.713 0.373 0.7143333333333334 0.38475 0.715 0.38925 0.722 0.39425 0.7233333333333334 0.39725 0.7203333333333334 0.398875 0.7166666666666667 0.42 0.7143333333333334 0.4235 0.7106666666666667 0.42425 0.7056666666666667 0.42375 0.7026666666666667 0.42175 0.7003333333333334 0.4185 0.7033333333333334 0.414 0.703 0.406 0.7056666666666667 0.385 0.6976666666666667 0.38325 0.6956666666666667 0.38175 0.6996666666666667 0.378 0.703 0.37325 0.706
0 0.702 0.6753333333333333 0.7005 0.68 0.6985 0.6823333333333333 0.704 0.689 0.71 0.6906666666666667 0.72075 0.6906666666666667 0.72175 0.6896666666666667 0.72275 0.6786666666666666 0.7205 0.672 0.7165 0.6706666666666666
0 0.68525 0.6256666666666667 0.68775 0.64 0.68725 0.662 0.6965 0.664 0.72325 0.6616666666666666 0.72875 0.6653333333333333 0.73075 0.6906666666666667 0.73425 0.6886666666666666 0.74075 0.6916666666666667 0.752 0.6926666666666667 0.753 0.6913333333333334 0.75475 0.682 0.754 0.6766666666666666 0.757 0.636 0.76 0.627 0.76025 0.6233333333333333 0.75875 0.6193333333333333 0.73075 0.6026666666666667 0.72425 0.6016666666666667 0.70975 0.6023333333333334 0.702 0.611 0.696 0.612 0.69375 0.6186666666666667 0.68875 0.6206666666666667
4 0.417 0.6096666666666667 0.41675 0.6163333333333333 0.4185 0.6196666666666667 0.42525 0.6286666666666667 0.43025 0.6333333333333333 0.43275 0.6383333333333333 0.43125 0.647 0.42875 0.6536666666666666 0.42775 0.6613333333333333 0.42775 0.683 0.4285 0.6853333333333333 0.44625 0.683 0.4535 0.6796666666666666 0.4565 0.682 0.465 0.6813333333333333 0.47225 0.6823333333333333 0.47925 0.6793333333333333 0.503 0.678 0.51825 0.6753333333333333 0.5305 0.6746666666666666 0.53975 0.677 0.54325 0.6696666666666666 0.54325 0.6653333333333333 0.572 0.658 0.5725 0.665 0.57475 0.6676666666666666 0.5795 0.6656666666666666 0.5815 0.6613333333333333 0.58125 0.647 0.57875 0.634 0.57825 0.616 0.57525 0.611 0.5705 0.6063333333333333 0.57 0.6023333333333334 0.563 0.5883333333333334 0.56175 0.5836666666666667 0.55775 0.5806666666666667 0.535 0.5773333333333334 0.518 0.577 0.49525 0.58 0.47375 0.58 0.45375 0.5836666666666667 0.43875 0.591 0.42775 0.599
4 0.12275 0.6123333333333333 0.12375 0.6233333333333333 0.1225 0.6266666666666667 0.123 0.6293333333333333 0.122 0.6356666666666667 0.124 0.6416666666666667 0.12425 0.6473333333333333 0.12675 0.6493333333333333 0.1415 0.6506666666666666 0.1465 0.6526666666666666 0.1615 0.6526666666666666 0.17575 0.648 0.179 0.649 0.18175 0.647 0.20075 0.6476666666666666 0.21075 0.6466666666666666 0.21325 0.648 0.218 0.648 0.22075 0.6473333333333333 0.223 0.644 0.22325 0.6353333333333333 0.21975 0.6293333333333333 0.20675 0.6186666666666667 0.19325 0.6126666666666667 0.18225 0.61 0.15525 0.6066666666666667 0.1505 0.61 0.14075 0.608 0.12575 0.6086666666666667
4 0.05025 0.637 0.05025 0.6416666666666667 0.048 0.6433333333333333 0.0495 0.646 0.05075 0.6456666666666667 0.052 0.6426666666666667 0.0645 0.6413333333333333 0.06825 0.6436666666666667 0.07075 0.65 0.076 0.6486666666666666 0.0915 0.6513333333333333 0.09925 0.6513333333333333 0.10175 0.65 0.10575 0.6506666666666666 0.11 0.6473333333333333 0.11075 0.64 0.11375 0.6373333333333333 0.11375 0.6356666666666667 0.10975 0.624 0.10925 0.6173333333333333 0.1055 0.619 0.096 0.6123333333333333 0.09275 0.6136666666666667 0.08775 0.6116666666666667 0.08075 0.6163333333333333 0.0725 0.6163333333333333 0.06275 0.6213333333333333 0.05225 0.636
4 0.2265 0.6613333333333333 0.22625 0.6993333333333334 0.238 0.6996666666666667 0.2515 0.6963333333333334 0.2505 0.6916666666666667 0.252 0.686 0.252 0.6713333333333333 0.24975 0.658 0.24475 0.6533333333333333 0.23375 0.654 0.23075 0.6516666666666666
4 0.09125 0.664 0.09175 0.675 0.091 0.6796666666666666 0.092 0.6876666666666666 0.10625 0.6926666666666667 0.10925 0.6926666666666667 0.10925 0.684 0.11 0.6823333333333333 0.10925 0.6706666666666666 0.11025 0.6613333333333333 0.10575 0.658 0.09525 0.6576666666666666 0.092 0.6606666666666666
4 0.124 0.664 0.12425 0.6966666666666667 0.12625 0.7063333333333334 0.1475 0.7056666666666667 0.15375 0.7036666666666667 0.166 0.704 0.18 0.7016666666666667 0.217 0.7003333333333334 0.21925 0.6993333333333334 0.22125 0.6963333333333334 0.2225 0.6866666666666666 0.221 0.6806666666666666 0.22075 0.668 0.2215 0.6643333333333333 0.22 0.657 0.2175 0.6553333333333333 0.203 0.6576666666666666 0.2015 0.6596666666666666 0.197 0.6616666666666666 0.19475 0.659 0.1905 0.658 0.1905 0.6543333333333333 0.18925 0.6536666666666666 0.18525 0.6536666666666666 0.180875 0.657 0.17725 0.6576666666666666 0.1715 0.658 0.16775 0.6566666666666666 0.16525 0.658 0.1595 0.655 0.15875 0.6533333333333333 0.15675 0.6533333333333333 0.134 0.661 0.12625 0.6616666666666666
4 0.07 0.6643333333333333 0.071 0.6686666666666666 0.0695 0.678 0.07075 0.6883333333333334 0.07025 0.693 0.07375 0.7036666666666667 0.078 0.7066666666666667 0.08025 0.6933333333333334 0.0805 0.6843333333333333 0.0815 0.6823333333333333 0.081 0.6763333333333333 0.08175 0.6753333333333333 0.0795 0.6743333333333333 0.078 0.6703333333333333 0.082 0.6613333333333333 0.0785 0.6573333333333333 0.0735 0.6586666666666666 0.071 0.6543333333333333